0.014,
0.011,
0.006,
0.005,
0.017,
0.009,
0.016,
0.002,
0.017,
0.001,
0.017,
0.017,
0.010,
0.002,
0.003,
0.014,
0.016,
0.001,
0.015,
0.018,
0.007,
0.012,
0.007,
0.004,
0.015,
0.014,
0.005,
0.011,
0.008,
0.002,
0.000,
0.009,
0.005,
0.007,
0.006,
0.003,
0.008,
0.013,
0.004,
0.013,
0.009,
0.008,
0.003,
0.004,
0.012,
0.005,
0.011,
0.018,
0.014,
0.013,
0.019,
0.015,
0.012,
0.018,
0.001,
0.005,
0.019,
0.015,
0.009,
0.013,
0.008,
0.007,
0.004,
0.007,
0.001,
0.009,
0.006,
0.019,
0.011,
0.016,
0.008,
0.009,
0.016,
0.019,
0.010,
0.018,
0.014,
0.011,
0.019,
0.016,
0.019,
0.012,
0.007,
0.009,
0.018,
0.000,
0.003,
0.009,
0.010,
0.001,
0.013,
0.017,
0.002,
0.008,
0.005,
0.019,
0.012,
0.005,
0.003,
0.011,