-48.193
 51.493
 -2.976
 -0.492
 31.570
 -8.891
-26.194
 -8.945
 40.413
 -6.586
-37.902
-38.540
 -6.761
-36.858
 46.869
-11.885
-72.162
 20.458
 46.836
-38.187
 58.823
 33.637
-27.508
 47.381
 -1.047
-37.451
 -6.228
-17.458
-52.469
 43.895
  6.727
 75.303
 14.416
-58.847
-42.635
-20.525
 10.268
-31.588
-68.331
  5.204
-84.203
 60.829
 62.070
 52.163
 12.600
 18.612
 46.192
-15.286
 39.890
 33.016
  6.099
 15.022
 76.025
-19.449
 15.730
 24.865
 86.439
 10.642
-19.704
-26.815
 61.998
-46.548
 53.726
-37.259
-61.228
-53.768
 14.535
 14.524
  5.657
 66.872
-26.253
-14.246
 62.757
-28.996
-83.061
-23.582
-17.265
 20.733
 42.742
 46.851
-35.037
 -4.388
 28.387
-15.017
 35.329
-49.669
-14.513
-54.098
-57.460
 68.933
 59.637
-28.622
 -5.818
 64.874
-56.589
  9.859
-23.259
-27.371
-54.506
-10.816